1778824317392 -1599.6459522975085 500
1778824320259 -1601.8352336579906 1000
1778824323406 -1559.4004131184493 1500
1778824326619 -1503.3394667983653 2000
1778824329719 -1533.7816889725896 2500
1778824332914 -1478.8446367787076 3000
1778824336357 -1630.9581673540379 3500
1778824339929 -1396.280338993592 4000
1778824343364 -1431.421051424212 4500
1778824346788 -1434.1878112453307 5000
1778824350742 -1424.2236082752038 5500
1778824354947 -1396.502681675664 6000
1778824359242 -1415.147842281178 6500
1778824362906 -1412.069898000046 7000
1778824366572 -1392.5289279011913 7500
1778824370306 -1433.6962011204114 8000
1778824373841 -1379.5964929722074 8500
1778824377382 -1404.3638411330824 9000
1778824380927 -1427.4704720060984 9500
1778824384414 -1398.7087084037519 10000
1778824388026 -1388.6879658612975 10500
1778824391671 -1362.9634982740715 11000
1778824395072 -1373.434195826478 11500
1778824398697 -1378.9210530548203 12000
1778824402419 -1385.5866185592654 12500
1778824406184 -1403.5934998840958 13000
1778824409824 -1399.96926582996 13500
1778824413503 -1391.4939662544953 14000
1778824417297 -1390.4027176320205 14500
1778824420889 -1374.1490080168483 15000
