1778824205406 -1558.6866031028349 500
1778824209135 -1488.7561486709415 1000
1778824212442 -1470.26902218909 1500
1778824215842 -1420.821476981131 2000
1778824219258 -1405.312783924833 2500
1778824222797 -1416.0100311897352 3000
1778824226223 -1408.6400735864763 3500
1778824229735 -1392.9379125821706 4000
1778824233086 -1348.5323730685393 4500
1778824236508 -1363.39859716067 5000
1778824239980 -1408.4356082808802 5500
1778824243322 -1343.587268085691 6000
1778824246749 -1396.2252956793393 6500
1778824250211 -1379.152025237868 7000
1778824254239 -1366.1377970172366 7500
1778824258847 -1390.4100141227411 8000
1778824263926 -1348.873341972739 8500
1778824268889 -1360.1549860521322 9000
1778824274120 -1401.3697282793905 9500
1778824278304 -1382.0630456963152 10000
1778824281545 -1377.82111503301 10500
1778824284808 -1356.6407443286664 11000
1778824288042 -1362.7377955691156 11500
1778824291386 -1343.8506004611318 12000
1778824294986 -1375.0575196579427 12500
1778824298522 -1383.8244401223853 13000
1778824301991 -1378.1293320819882 13500
1778824305903 -1372.2987172801422 14000
1778824309797 -1372.0156835710195 14500
1778824313249 -1353.0983066352328 15000
