1778823868499 -1558.6866031028349 500
1778823871292 -1488.7561486709415 1000
1778823874277 -1470.26902218909 1500
1778823877362 -1420.821476981131 2000
1778823880935 -1405.312783924833 2500
1778823884424 -1416.0100311897352 3000
1778823887945 -1408.6400735864763 3500
1778823891592 -1392.9379125821706 4000
1778823895172 -1348.5323730685393 4500
1778823898584 -1363.39859716067 5000
1778823902152 -1408.4356082808802 5500
1778823905842 -1343.587268085691 6000
1778823909403 -1396.2252956793393 6500
1778823913335 -1379.152025237868 7000
1778823917174 -1366.1377970172366 7500
1778823924136 -1390.4100141227411 8000
1778823929734 -1348.873341972739 8500
1778823933994 -1360.1549860521322 9000
1778823938006 -1401.3697282793905 9500
1778823941565 -1382.0630456963152 10000
1778823945474 -1377.82111503301 10500
1778823949314 -1356.6407443286664 11000
1778823955531 -1362.7377955691156 11500
1778823966798 -1343.8506004611318 12000
1778823970074 -1375.0575196579427 12500
1778823973824 -1383.8244401223853 13000
1778823977439 -1378.1293320819882 13500
1778823981128 -1372.2987172801422 14000
1778823984869 -1372.0156835710195 14500
1778823988535 -1353.0983066352328 15000
